1
2
6
6
3
9
9
9
27
27
36
27
27
45
45
63
63
54
45
54
63
72
99
81
72
81
108
90
126
117
135
108
144
144
144
171
153
108
189
189
144
189
180
216
207
216
225
234
225
216
198
279
279
261
279
333
270
288
324
288
315
306
333
324
351
351
369
342
351
459
423
432
315
378
432
441
432
423
441
450
486
477
486
477
414
495
495
531
549
585
594
540
513
549
585
648
648
639
648
648
639
630
621
702
648
639
594
666
657
657
693
765
666
648
648
729
738
756
774
783
774
738
765
747
855
801
873
828
819
864
927
873
846
846
819
864
927
954
981
954
963
1026
936
1017
972
1017
954
1008
1107
1053
990
990
999
1062
1053
1098
1125
1134
1089
1107
1134
1125
1134
1098
1116
1188
1089
1188
1188
1179
1242
1215
1206
1215
1233
1215
1278
1368
1260
1305
1323
1287
1314
1323
1260
1296
1377
1422
1386
1350
1422
1404
1458
1395
1413
1422
1512
1395
1413
1404
1350
1404
1476
1494
1530
1584
1647
1602
1530
1548
1512
1593
1530
1674
1674
1575
1638
1665
1575
1701
1692
1665
1701
1773
1728
1728
1656
1638
1701
1746
1665
1809
1728
1872
1746
1755
1890
1818
1818
1926
1890
1971
1980
1863
1944
1827
1872
1935
1881
1953
1926
1917
2025
1926
1899
1989
1953
1863
1971
1962
2079
2088
2061
1953
2106
2124
2043
2133
2106
2151
2169
2133
1980
2088
2187
2043
2313
2367
2223
2241
2367
2340
2349
2241
2304
2313
2385
2322
2385
2313
2331
2412
2385
2358
2511
2484
2394
2376
2448
2466
2376
2511
2493
2394
2529
2457
2466
2430
2412
2646
2556
2565
2502
2601
2556
2637
2574
2655
2583
2700
2628
2808
2637
2610
2700
2727
2682
2718
2754
2655
2772
2853
2862
2835
2790
2907
2817
2925
2817
2754
2961
2835
2844
2844
2916
2808
2844
2970
2934
2952
2862
3123
2844
2925
3069
2952
2979
2979
3087
3024
2997
3060
3060
3087
3114
3024
3033
3132
3204
3186
3213
3195
3258
3186
3159
3249
3186
3132
3312
3240
3195
3204
3357
3339
3375
3366
3204
3348
3366
3321
3384
3474
3312
3348
3312
3582
3429
3528
3627
3402
3339
3366
3483
3474
3600
3528
3609
3465
3483
3447
3573
3672
3600
3654
3708
3618
3726
3708
3564
3672
3807
3690
3627
3636
3780
3618
3753
3636
3762
3807
3798
3897
3771
3834
3879
3780
3780
4059
3807
3726
3852
3861
3753
4041
3969
3825
3978
4023
4185
3825
3888
4059
4203
4140
4059
4176
4176
4149
3969
4077
4131
4158
4221
4041
4194
4275
4140
4257
4140
4275
4338
4284
4266
4419
4428
4383
4194
4356
4365
4356
4059
4320
4266
4302
4383
4329
4536
4509
4419
4284
4410
4608
4302
4455
4464
4374
4644
4527
4608
4599
4446
4518
4536
4671
4644
4527
4581
4671
4707
4644
4554
4635
4761
4563
4716
4698
4779
4860
4752
4761
4680
4698
4842
4815
4860
4761
4968
4986
4941
4977
4950
4923
4896
4932
4851
4977
4797
4986
4869
5202
5067
5085
4941
4968
5076
5112
5274
5121
4923
5139
4860
5337
4950
5067
5193
5409
5166
5247
5346
5139
5274
5202
5373
5265
5391
5301
5337
5472
5319
5265
5427
5400
5427
5364
5346
5337
5454
5265
5400
5373
5499
5562
5382
5427
5292
5706
5562
5499
5526
5562
5652
5562
5679
5328
5616
5724
5787
5697
5634
5715
5634
5760
5787
5589
5742
5661
5499
5823
5931
5823
5877
5823
5787
5832
5841
5850
5886
5778
5841
5922
6039
5859
6003
5931
5958
6120
5895
5904
5904
6057
6012
5931
5967
6147
5859
5859
6237
6210
6336
6057
6291
6021
6291
6021
6219
6156
6282
6012
6372
6300
6399
6372
6282
6246
6291
6318
6219
6453
6192
6516
6408
6444
6147
6417
6381
6327
6498
6462
6453
6363
6489
6417
6480
6615
6453
6561
6831
6444
6444
6444
6417
6534
6687
6786
6651
6687
6615
6777
6795
6876
6966
6957
6669
6822
6831
6696
6741
6957
6885
6723
6777
6741
6849
6840
6678
6849
6831
6957
7065
7056
7092
6966
6876
7083
6912
7191
7101
7020
7191
7164
6957
7110
7047
7092
6957
7083
7182
7407
7065
7254
7137
7254
7155
7155
7128
7515
7317
7029
7461
7263
7218
7425
7317
7326
7362
7641
7452
7263
7380
7416
7263
7398
7524
7533
7308
7524
7452
7488
7434
7461
7488
7353
7731
7470
7641
7461
7272
7542
7569
7713
7704
7767
7551
7776
7596
7722
7875
7659
7686
7659
7677
7776
7686
7983
7857
7938
8001
7839
7965
7929
8109
7812
7938
8001
8001
8091
8100
7884
8001
7929
7965
7947
8127
7947
7965
7812
8028
8217
8208
8181
8280
8028
8037
8298
8172
8424
8127
8235
8001
8163
8307
8496
8181
8172
8415
8343
8424
8217
8361
8397
8433
8307
8649
8352
8370
8514
8514
8082
8568
8316
8370
8478
8649
8658
8541
8550
8388
8622
8586
8586
8595
8649
8550
8694
8685
8694
8676
8685
8793
8667
8802
8757
8901
8937
8694
8946
8820
8829
9000
9009
9009
8955
8811
8883
8928
8928
8982
8757
8901
9090
8973
9117
8946
8838
9099
9189
9099
9072
8811
9054
9054
8865
9063
9126
9189
9135
9045
9216
9090
9324
9162
9324
9081
9045
9414
9153
9369
9333
9486
9126
9081
9477
9198
9468
9504
9603
9360
9396
9477
9423
9522
9450
9702
9432
9594
9558
9630
9549
9477
9675
9549
9702
9540
9738
9666
9729
9801
9657
9810
9729
9513
9612
9774
9684
9702
9675
9504
9792
9684
9639
10035
9855
9774
9783
9990
9999
9954
9945
9981
9954
9999
9900
10071
10125
10080
9828
10116
10143
10089
10134
9711
10053
10314
10035
10278
9990
10053
10179
10413
10134
10341
10458
9990
10296
10053
10296
10206
10287
10332
10467
10287
10296
10251
10584
10395
10233
10368
10287
10539
10539
10719
10665
10602
10404
10575
10467
10620
10575
10584
10476
10701
10422
10386
10593
10647
10953
10584
10710
10647
10656
10701
10881
10422
10845
10827
10827
10944
10584
10827
10584
10737
11025
11160
10899
10926
10926
10800
11340
10809
10962
10890
11088
11025
11016
11088
11133
11151
11061
11016
11250
11151
11295
11043
11133
11196
11196
11151
11052
11385
11502
11268
10980
11331
11133
11151
11412
11403
11358
10971
11223
11331
11232
11313
11403
11394
11376
11349
11475
11493
11484
11331
11475
11457
11340
11646
11610
11385
11484
11529
11511
11556
11565
11898
11628
11727
11745
11646
11664
11871
11889
11808
12087
11691
11925
11754
11745
11691
11943
11862
11619
11727
11736
11610
11970
11601
11835
11889
11943
11601
11610
12222
11916
12060
12015
12015
12033
12186
11844
12213
12186
12186
12249
11754
11835
12456
12015
11961
12312
12087
12132
12222
12168
12312
12258
12051
12168
12420
12123
12411
12501
12483
12240
12249
12150
12537
12249
12528
12222
12159
12033
12465
12249
12537
12429
12537
12465
12744
12726
12708
12609
12618
12429
12717
12411
12681
12681
12699
12924
12780
12663
12735
12798
12690
12951
12735
12753
12465
12834
12492
12771
12852
12996
13014
12816
12987
12753
12978
12816
13077
12978
13077
12852
13140
12933
12762
13194
13284
13221
12924
12888
13050
13095
13284
13104
13086
13086
13041
13347
13203
13293
13365
13257
13104
13149
13392
13293
13158
13482
13509
13239
13104
13356
13338
13329
13419
13770
13320
13500
13536
13248
13302
13428
13509
13599
13572
13914
13482
13599
13581
13356
13707
13392
13653
13500
13671
13815
13500
13878
13572
13455
13608
14022
13788
13833
13491
13896
14094
13905
13752
13914
14022
14004
13590
13734
13608
13770
13923
13959
13851
13698
13959
14103
14130
14085
13968
13851
14085
14175
14013
13950
13689
14229
14121
14256
14211
14310
14139
14031
14337
14337
14346
14031
14436
14463
14283
14157
14328
14310
14247
14256
14049
14238
14508
14454
14355
14265
14409
14319
14409
14328
14166
14481
14553
14562
14580
14310
14463
14499
14490
14544
14643
14868
14517
14778
14589
15093
14832
14670
14769
14688
14499
15147
14643
14679
14823
14562
14715
14913
14868
14868
14922
15021
14634
15003
14553
15156
15057
15021
14814
14895
15489
15075
15066
15039
15129
14814
15264
14823
15219
15057
15030
15264
15399
15165
15012
15192
15192
15183
15201
15165
14949
15120
15444
15219
15255
15264
15372
15156
15507
15588
15282
15318
15498
15381
15489
15759
15723
15741
15228
15498
15120
15804
15642
15570
15858
15732
15750
15606
15615
15660
15660
15939
15588
16146
15921
15705
15957
15606
15714
15840
15471
15606
15849
15858
15921
15948
15669
15840
16155
15804
15651
15822
15795
15858
16155
15714
16254
15858
16299
16083
15957
16020
16101
15930
16155
16218
16299
16164
16461
16353
16236
16128
16398
16200
16074
16425
16569
15993
16155
16659
16182
16326
16362
16506
16263
16506
16407
16614
16200
16389
16542
16650
16740
16209
16812
16416
16902
16641
16623
16560
16542
16686
16452
16677
16632
16677
16776
16929
16920
16785
16641
16866
16578
16947
16713
16641
16848
16785
16794
16749
16650
16857
16722
16686
16677
16992
17154
16902
17010
17064
16767
17100
17055
17190
16983
16983
17100
17217
16911
17253
16803
17325
17118
17307
16965
17163
17271
17433
17145
17073
17307
17424
17478
17397
17469
17370
17640
17478
17226
17424
17028
17316
17109
17487
17514
17280
17469
17406
17496
17586
17505
17739
17703
17721
17487
17199
17316
17163
17739
17748
17829
17325
17712
17910
17793
17379
17640
18018
18054
17883
17469
17892
17685
17937
17721
18000
17820
17730
17541
18000
17451
17991
17910
18342
17883
17883
17910
17982
17946
18072
18279
18387
18252
17721
18108
17973
18387
18270
18531
18252
18207
18279
18108
18432
18630
18108
18459
18432
18027
18324
18108
18171
18054
18414
18144
18369
18630
18450
18576
18648
18432
18549
18666
18324
18576
18549
18639
18477
18504
18693
18441
18891
18783
18639
18693
18612
18882
19089
18648
18756
18756
18873
18828
18756
18684
18810
19008
19134
18738
18792
18882
18954
19206
18675
18927
18801
19116
18828
19035
18864
18882
18675
19017
18927
19215
19134
19143
19395
19134
19161
19134
19008
19143
19377
19215
18855
18828
19152
19134
19368
19494
18846
19296
19620
19278
19206
19602
18936
19251
18567
19359
19557
19422
19584
19359
19638
19224
19530
19422
19467
19503
19512
19521
19593
19314
19854
19422
19377
19485
19413
19764
20025
19593
19701
19971
19980
19935
19710
19791
19755
19710
19647
19422
20124
19926
19476
19791
19971
19863
19647
20034
19854
20178
20493
19908
19530
20034
20115
20250
20034
20160
20043
20286
19827
19773
20079
20043
20160
20151
20169
20151
19917
19989
20583
20133
19701
20556
20070
20439
20322
20259
20205
20493
19827
20583
20421
20430
20268
20718
20142
20367
20556
20340
20457
20763
20745
20394
20619
20493
20295
20673
20772
20484
20772
20286
20475
20619
20763
20457
20862
20736
20781
20448
20610
20925
20871
20799
21006
20223
20817
20988
20682
20835
20988
20979
20736
20907
20961
21150
21042
20880
20952
21042
20619
20835
21411
21258
21159
21249
20997
20952
20961
20925
21294
21132
21321
20835
21006
20961
20979
21591
21195
21375
21366
21123
21357
21231
21123
21726
21429
21492
21276
21708
21762
21384
21321
21420
21366
21600
21582
21510
21564
21663
21591
21717
21456
21888
21915
21375
21627
21789
21753
21726
21771
21879
21654
21825
21411
21816
22014
22014
21528
21465
21969
21825
21672
21852
22077
21852
22257
21915
22257
22068
22176
21915
21933
21933
21879
22068
22059
21879
22419
22158
21870
22383
22410
21924
21987
22194
22302
22329
22311
22212
22212
21951
22824
22428
22464
22257
22446
22374
22329
22266
22599
22572
22509
22491
22374
22302
22518
22428
22914
22437
22212
22716
22419
22293
22707
22500
22410
22842
22464
22653
22788
22842
23202
23013
22779
22779
22698
22689
23031
22626
22608
22608
22869
22860
22716
22707
23031
22995
22491
22806
22635
22851
23139
23139
23013
23211
23130
22842
23184
22941
23337
22833
22905
22914
23328
23067
23229
23481
22779
23184
23256
23229
23418
23499
23022
23085
23418
23409
23436
23301
23166
23247
23427
23148
23274
23139
23274
23445
23769
23382
23724
23661
23481
23643
23517
23364
23382
23994
23787
23634
23490
23769
23616
23535
23391
23427
23643
23292
23634
24021
24129
23517
24138
23832
23598
23670
23940
23643
23796
23868
23976
24039
24030
23670
24471
24363
24048
24021
24003
23823
24345
24237
24237
23949
24084
23994
24120
24228
24318
23832
24408
24291
24201
24417
24363
23895
24399
24372
24399
24237
24327
24210
23895
24174
24219
24471
24246
24507
24300
24372
23940
24174
24678
24489
24192
24471
24750
24381
24282
24480
25110
24804
24678
24678
24507
24750
24615
24903
24588
24813
24750
24741
24264
24750
24912
24957
24831
24930
24903
24903
24804
24759
24759
24813
25335
24606
24876
24561
25326
24975
24813
24687
25155
25173
24966
25137
24948
24957
25020
25263
25011
24957
25056
25317
24651
25317
24840
25056
25416
25506
25119
25209
25398
25578
25290
25398
25569
25893
25308
25164
25650
25173
25236
25506
25569
25524
25434
25542
25983
25731
25857
25938
25416
25884
25740
25605
25731
25533
25695
25920
25830
25929
25776
25848
25848
25650
25488
26037
25920
26001
25452
26010
25785
25803
26307
25686
25686
25704
25812
26064
26235
25767
26064
25884
26325
25956
26460
26181
26208
26172
25776
26145
25758
26217
26244
26271
26073
26208
26271
26028
26217
26325
26505
25911
26001
26451
26568
26442
26487
26352
26703
26784
26568
26406
26271
26397
26523
26190
26658
26667
26424
26271
26937
26181
26604
26649
26532
26631
26622
26487
26478
26757
26586
26838
26847
26622
26775
26775
26703
27000
27036
26775
26685
26514
27495
26829
27279
26964
26559
27189
26964
27828
26667
26685
26730
27252
26901
27279
27360
26766
27324
27117
27207
27189
27405
27216
27072
26793
27081
27135
26937
27504
27351
27333
27243
27531
27324
27504
27054
27513
27153
27441
27360
27657
27837
27108
27333
27828
27387
27495
27936
27513
27585
27387
27297
27900
27261
27738
27801
27639
27198
27693
28008
27747
27558
27531
27900
27459
28062
27459
27666
27909
27936
27657
27873
27981
27684
28107
27612
28134
27963
28035
28026
28035
28215
28035
27963
28197
27927
27720
28215
28413
28017
28089
28053
28494
28035
28683
28206
28233
28017
28350
28161
28494
28341
28350
28584
28764
28287
28404
28314
28278
28458
28242
28584
28791
28512
28296
28296
28368
28359
28728
28638
28692
28485
28656
28251
28476
28305
28440
28854
28440
29061
28728
28890
28719
28431
28701
28611
28449
28602
29016
28980
29052
28971
28863
28818
28809
29052
28566
28890
29583
28521
29124
28638
28782
29034
28845
28629
28872
29115
29313
29340
29286
29385
29529
29286
28890
29367
29286
29358
29565
29448
29466
29349
29394
28944
29124
29241
29421
29313
29313
29502
29349
29484
29187
29745
29205
29628
29286
29529
29574
29133
29556
29808
29169
29277
29133
29952
29430
29898
29673
29727
29259
29628
30339
29412
29907
29916
29664
29439
30141
29817
29691
29826
29592
30078
29997
30348
29430
30141
29718
30168
30096
29772
30141
30186
30636
29961
30114
30051
30726
30159
30258
30339
30465
30159
30204
30447
30249
29934
30132
30303
30375
30294
30078
30294
30366
30087
30123
30213
30105
30465
30798
30465
30195
30501
30555
30411
30393
30816
30429
30573
30519
30636
30744
30618
30510
30591
30645
30267
30663
30564
30456
30816
30825
30789
31068
30951
30924
30465
30771
30375
30996
31185
30744
30519
30546
30987
31086
31158
30825
30897
31005
30708
30825
31050
30789
30816
31167
31158
31158
31140
31140
30834
31041
30744
30951
31104
31293
31284
31005
31248
31464
31158
31590
31122
31212
30465
31311
31437
31887
31095
31644
31383
31365
31536
31257
31428
31482
31617
31797
31617
31725
31698
31644
31716
31644
31311
31509
31455
31212
31662
31311
31473
31572
31563
31815
32031
31419
31815
32148
32211
31824
31860
32031
31815
31635
31851
32022
31977
32022
31842
31914
32310
31626
31887
32265
31887
31752
31959
31734
32049
31914
32112
32148
31887
32346
32805
32634
32202
32580
32184
32121
31869
32013
32148
32364
32679
32490
32544
32157
32328
32094
32283
32463
32454
32301
32814
32616
32463
32373
32265
32535
33075
32652
32211
32625
32760
32643
32301
32841
32904
33039
32418
32535
33264
32868
32544
32634
32742
32661
32805
32760
32859
32598
32400
32805
33147
32535
32526
33147
33120
32445
32895
32904
32661
32715
32940
32976
32940
33255
32634
33336
33336
33066
33102
33309
33120
32868
32976
33219
32949
33336
33228
33453
33057
33687
33300
33174
33093
33651
33804
33462
33084
33291
33498
33192
32805
33570
33912
33867
33750
33831
33462
33723
33246
33660
33534
33642
33381
33750
34047
33453
34146
33642
33426
33804
32958
33966
33660
33732
33642
33669
34092
34524
33975
33462
34308
34281
33813
33453
33921
33930
34074
33732
34137
34344
34191
33624
34164
34578
34164
34344
34173
33660
34083
34506
34362
34524
34038
33957
34569
34443
34128
34209
34038
34722
34497
33804
34200
34101
34515
34641
34578
34668
34263
34461
34200
34335
34461
34452
34929
34479
34443
34614
34317
34893
34704
34668
34407
35037
34353
34911
34605
34848
34605
34425
34497
34344
34695
34965
34317
34470
34569
34614
34623
34488
34929
34929
35010
34623
34911
35577
34929
34875
35100
34614
34632
34884
35136
34929
34794
35280
35208
34722
35118
34974
35379
35118
35100
35289
35064
35244
35271
35154
35280
35325
35091
35217
35523
35226
35595
35460
35487
35127
35352
35280
35379
35181
35568
35442
35136
35892
35316
35613
35370
35676
35343
35478
35604
36081
35829
35748
36162
35415
35442
35271
35676
35937
35658
35649
35748
36270
36054
35469
36135
35442
35712
36207
36072
35325
36396
35730
35910
35712
35901
36072
35901
36099
36558
36531
35973
36432
35568
36189
36099
36009
36045
36540
36333
36072
36342
36081
36090
35973
36495
36126
36495
36306
35892
36873
36495
36792
36414
36063
36909
36234
36693
36216
36549
37062
36972
36252
36639
36297
36522
36639
36306
36549
37098
36666
36783
36810
37071
36846
37044
36639
36684
36666
36900
36846
36648
37098
36621
36873
37098
37134
36891
37341
36963
37044
36657
36900
36450
36459
36702
36486
37026
37359
37125
36873
37242
36837
37404
36720
36810
37449
37314
37566
37143
37395
37098
37107
36954
37098
37278
37494
37026
37035
37413
37179
37332
37206
37521
37341
37305
37800
37305
37269
37512
37098
37440
37242
37494
38016
37143
37638
37701
37476
37719
38043
38142
37611
37854
37656
37602
37602
37629
38061
37737
37980
38385
37431
37962
38187
38196
37494
37980
37773
37728
38277
37728
38421
38025
38007
38268
38025
37935
38160
38673
37845
37980
38169
38079
38151
38250
38214
38430
37818
38214
38610
38061
37647
38430
38493
37926
37818
38673
38223
38457
38403
38709
38295
38259
38700
38952
38790
38592
38529
38385
38709
37980
38547
38331
38232
38439
38457
38817
38844
38511
38511
38358
39069
38844
38763
38538
38934
38979
39312
39150
39105
39087
38484
38736
39087
39141
39033
38736
39006
38907
38880
39339
39069
38871
39384
38898
39348
39294
38934
39537
38421
39492
39276
39087
39159
39348
39159
39501
39222
39231
39231
39015
39357
39069
39024
39546
39231
39114
39582
39204
39312
39429
39852
39402
39609
39429
39069
39474
39807
39213
39366
39258
39879
39528
40212
39438
39699
39438
39681
39708
39546
39744
39627
38925
39690
40032
39699
39627
39654
39555
40392
39843
40149
40230
39987
40086
39879
39762
39906
40302
40437
39708
40383
39645
40005
39897
40059
39906
39816
40734
40113
39906
40077
40662
39825
40041
40293
40203
40140
40086
40473
40608
40383
40878
40455
40599
40059
40113
40536
40482
40203
40302
40518
40419
40104
40671
40113
40680
40140
40698
40554
40482
40716
40653
40851
40239
40608
40455
40275
40770
40617
40752
40482
40509
40419
40743
40671
40680
40761
41094
40932
40860
40707
41157
40302
40833
40671
40743
40959
41688
41157
40968
41427
41454
41436
40428
41040
41022
41319
41382
41085
41643
41463
41373
40941
41985
41211
41139
41148
40905
41292
41562
41607
41643
41463
41859
41256
41697
41346
41229
41571
41625
41265
41652
41625
41805
41238
41274
41661
41490
41328
41769
42111
41202
41940
41841
41715
41787
41562
41706
41850
41508
42129
41949
42255
42228
42165
42210
41607
41949
41850
41940
42354
42192
41517
41778
41949
42093
42147
42309
42327
42246
41985
42147
41841
41751
42363
41877
42075
42084
42516
42156
42237
42498
42048
42138
41868
42219
41913
41940
42354
42345
42291
42075
42606
42057
42858
42201
42345
42444
42453
42165
42399
42912
43101
42741
42696
42723
42849
42804
42714
42039
42381
42885
42642
42120
42705
42606
42651
42615
42849
42696
42129
42705
42750
42921
42570
43083
42957
42489
42624
42975
42498
42921
43254
42642
42993
42453
42831
43236
42903
43065
43659
42525
43398
43209
42750
42984
43146
43245
43398
43065
43227
42957
43416
43362
43101
43596
43461
42858
43146
43506
43137
43119
43830
43551
43533
43695
43164
43389
43200
43569
43515
43542
43722
43650
43596
43884
43866
43128
43632
43650
43740
43659
43902
43524
43434
43470
44289
43965
43335
44208
43677
43578
43938
44172
44028
44046
44244
44172
43659
43947
43695
43848
43839
43938
44316
44064
44217
44298
44190
43785
44127
44343
44343
43785
43938
44055
44496
43803
43794
44505
44406
44676
44874
44838
44307
44343
44082
44100
44721
44586
44028
43866
44343
44658
44001
44451
44676
44784
44208
44172
44865
44595
44316
44667
44928
44235
44577
44721
44739
44757
44991
44775
44946
44766
45450
45090
44838
45117
44487
44676
44946
45036
44946
45441
44892
45099
45081
44442
45360
45315
45072
45171
44937
45387
45090
45414
45144
45045
45513
44640
45162
44820
44919
44847
45090
44838
45171
45063
45135
45405
45378
45315
45477
45126
45396
45117
45675
45900
46080
45306
45585
45810
45531
45621
45423
45747
46143
45666
45936
45711
45495
45684
45522
45873
45639
46017
45486
45873
45216
45612
46170
45945
45558
45603
45765
45432
45747
45612
46143
45864
46026
45351
45873
46215
45846
45837
46548
46170
45783
46332
46512
46467
46764
46287
46287
45999
46134
45657
46152
46098
46260
46314
45594
46422
46242
46206
45945
46161
46665
46071
46962
46215
46566
46224
46809
46296
46845
46323
46494
46161
46602
46413
46233
46377
46593
46881
46458
47016
46773
46854
46323
46323
46710
46854
46278
47232
45900
46710
47178
46764
46935
46359
46260
46962
46962
46602
47277
47700
46791
47466
47259
46980
46548
47034
47187
46881
47232
46647
46971
47070
47547
47385
47187
47088
47322
47376
47160
47277
47520
47259
46836
47286
47601
47133
47961
47619
47916
47403
47475
47322
47331
47691
47583
47457
47610
47871
47592
47979
47349
47952
47862
47745
47475
47754
47574
46971
48249
47511
47970
47673
48177
47763
47349
47403
47691
47943
48438
47754
47871
47844
47952
48006
47664
48267
47781
47529
48168
48087
47241
47889
47808
48384
48096
47862
47853
47565
47529
48096
47925
47772
48015
48411
47862
47772
48501
47988
48591
48510
48186
48501
48186
47655
47871
48222
48375
47952
48213
48825
48600
48303
48996
48933
48159
48177
48024
48645
48447
49077
49059
48762
48438
48321
48681
48564
48744
48744
48951
48627
48663
48636
48672
48663
48474
48330
48564
48528
48852
49014
48654
49329
49248
49293
49023
48312
48906
49446
48708
49185
49212
49329
48690
49149
49302
49068
48951
49698
49662
48924
49293
49482
49167
49338
48942
49257
49608
49518
48978
49824
48663
49329
49455
49401
49257
49158
49113
49554
49707
49851
49428
49815
49275
49734
49896
49131
49860
49536
49302
49824
49455
49410
49086
49536
49635
49995
50058
49689
49635
50166
49545
49671
49905
50085
50031
49563
49248
50211
50121
50013
49887
49689
50382
50202
50130
50085
49725
49959
50013
50157
49716
50049
50112
50202
50517
49698
50175
50247
50004
50139
49671
50445
50400
50121
50319
50589
50256
50481
50337
50274
49644
50067
49923
50373
50067
51093
51030
51192
49959
50670
50832
50238
50796
50571
49932
50571
50976
50607
50715
50724
50841
51417
51111
50517
50544
50445
50733
50373
50850
50994
50805
51138
50508
50886
50661
50787
51192
50886
50787
50805
50535
50967
50661
50814
51300
50868
51147
51075
50796
50877
51246
51597
51210
51795
51012
51705
51228
51021
51003
51291
51597
51516
51723
51300
51183
51363
51399
51678
51183
51732
51723
50868
51453
51498
51156
51507
51660
51822
51264
51912
51624
51768
52083
51507
51885
51543
51903
52110
51876
51750
51660
51129
51759
52119
52110
51858
51840
51957
52308
51867
51678
51768
52263
52353
51696
51678
52101
52047
52398
51732
52164
51939
51849
51615
51885
52146
52398
51480
52056
52479
51930
52245
52605
52551
52785
52686
52677
52479
52578
52353
52335
52605
52362
52101
52254
52677
52803
52083
51786
52398
52227
51984
52479
52407
52470
52830
52434
53325
52506
52785
52677
52803
52713
52632
52389
52830
52704
52893
52776
53127
53172
53109
52488
52479
52875
52722
52704
52524
52794
53082
53298
52920
52965
53001
52794
52749
52992
52407
52434
52578
53217
52362
52623
53451
53694
52758
52623
53496
52731
53514
52956
53460
53757
53010
53478
53811
53568
53307
53127
53289
53874
53019
53487
53586
53559
53460
53523
53496
53766
53190
53919
53532
54054
53640
54099
53415
53991
53730
53559
53847
53739
53847
53226
53136
53424
54396
53361
54018
53721
54198
53712
53388
54009
53640
54081
53739
54207
54108
53973
54270
54009
54279
53514
54207
54117
53667
53856
54495
54045
54045
54918
54189
54315
54387
53991
54045
54081
54207
54468
54144
54378
54216
53955
54522
54333
54504
54027
54522
54099
54648
53964
54792
54324
54315
54648
54531
54648
54630
54333
54513
54594
54819
54621
54522
54675
54594
55017
54684
55242
54810
54243
54450
54639
54801
54909
54351
54936
54936
54729
54837
54900
55143
55071
55332
54720
54792
55197
55170
54738
55287
55233
55251
55197
55188
54765
55395
55539
55134
55530
55251
55197
55602
55440
55143
54990
55638
55395
55530
55305
55530
55710
54711
55710
55422
55233
55917
55395
55404
55206
55692
55359
56115
55836
55638
55791
55737
55251
55782
55062
55278
55773
55368
55620
55341
55899
55890
55575
55323
55935
55611
56241
55494
55359
55935
55719
55413
55710
55755
56097
56097
56259
56187
56151
55989
56214
56259
56115
55863
56241
55989
55584
55827
56466
56196
56241
56547
56295
55764
55530
55728
56754
56367
56124
56052
56133
56646
56277
56232
55827
55089
55953
56349
56610
56412
56637
56295
56205
56115
56412
57015
56088
56700
55674
56196
57033
56673
56817
56511
56421
56340
56835
56961
56358
57060
56898
56655
56628
56664
57060
57015
56610
56520
56529
56610
56916
56925
56880
56727
56763
57195
57240
57321
57393
56997
57105
57024
57591
56925
56754
57762
56754
57087
57267
57726
56988
57213
57294
57213
57096
57159
57609
57555
57627
57114
57276
57096
57456
57024
57528
57915
57717
57042
57447
57411
57735
57744
57555
57798
58419
57438
56961
57915
57258
57555
57969
57852
57384
57105
57267
57537
58095
58383
57339
57834
57717
57393
57960
57438
57906
58608
57573
58293
58464
58014
57906
58482
58311
58293
57456
58293
57537
58383
57897
57726
58239
58068
58176
58392
58302
58095
58095
58644
57789
58455
58284
58734
58581
58221
58383
58518
58311
58347
58464
58284
58158
57924
58374
58383
58842
58275
58806
58608
58689
58662
58500
58401
58311
58212
58788
58428
58707
59193
58536
58653
58212
58707
58743
59049
59112
58968
59094
59499
58860
58950
59265
58959
58500
59355
58806
59499
59526
58572
58887
58734
59589
58986
58995
58869
58716
58851
59400
59301
59499
58734
59625
59247
59598
59409
59274
59247
59211
58860
59328
59364
59022
58923
59373
59445
59031
59256
59616
59670
59382
59661
59319
59724
59562
59571
59418
59004
59562
59499
59355
59436
59346
60093
59643
59373
59652
59544
59949
59823
59607
60165
60048
59472
59868
60156
59922
59724
60147
59751
60237
59796
59913
59931
60597
59544
59688
59967
60390
59859
60039
59940
60318
60147
59949
60255
60426
60840
60147
60345
59823
60291
60219
60606
60066
60219
60912
60417
60741
60705
60066
60228
60147
60822
60264
60156
60597
60255
61029
61389
59958
60246
60444
60453
60264
60237
60084
60840
61371
60984
60048
60759
60732
60561
61137
61137
60480
61245
60921
61038
60723
61011
60273
60849
61299
61002
61434
61083
61011
61362
60975
60876
61002
61083
60876
60741
61110
60840
61353
61119
61785
61110
61416
61515
60696
61461
60777
60858
61902
61335
60732
61596
61020
60885
61083
61389
61821
61479
61983
61407
61614
61632
61839
61641
61569
62037
61569
61398
61461
61110
60507
62208
61668
62100
62379
62226
61722
61497
62397
61596
62424
61641
61731
62361
61866
61713
62199
61776
61524
61668
61848
61992
61335
61605
61461
61983
61533
62109
62127
62325
62082
62505
62262
62514
61767
61947
62388
62271
62190
62217
61929
62379
62505
62901
62109
61686
62676
62271
61803
62271
62667
62667
62865
62244
62496
62838
62748
62406
62478
63153
62433
62406
62658
62730
63252
62883
62262
62982
62343
62172
62910
62811
62550
62577
62757
63036
63225
63342
63180
62703
62622
62892
62595
62937
62982
62892
63486
62991
63495
62883
62946
63369
63531
63297
63504
63675
63585
63072
63207
62793
62955
62820
63810
63153
63108
63504
63918
63243
63036
63090
63009
63792
63216
63117
62856
63540
63216
63810
63441
63504
63738
63549
63576
63351
63693
63648
64170
64125
63783
63837
63756
63504
63891
63603
63540
63225
63945
63630
64026
64431
63864
64224
64683
63738
63504
64224
63126
63702
63495
63729
64413
64197
64008
63765
63711
64305
64395
64386
64431
63909
64107
64584
63846
64350
65034
64206
64485
64458
64404
64404
64449
64269
64314
64737
63828
64872
64512
64269
64368
63909
63909
64917
64620
64305
64683
64467
64350
65124
64368
64719
64818
64935
64566
64737
64296
64557
64566
64260
65277
64611
65115
64314
64998
64260
65151
64845
64512
65043
65061
64404
64629
65565
65313
64962
64647
65340
65097
64944
65187
64710
64287
65826
64944
64872
65187
65628
65349
65430
65493
65691
65016
64935
65871
64818
65232
65196
65178
65772
65709
65628
65322
65619
66006
65277
65223
65160
65034
64863
65457
65331
65655
65664
65772
65412
66330
65925
65403
65448
66852
65151
65133
65655
65088
64971
65196
65250
65673
65745
66366
65466
65448
65817
65673
65430
65628
65808
66033
65925
66321
65583
66519
65970
66258
66177
65682
66123
66474
65457
66600
65781
65916
66303
66636
66258
65907
65475
65655
65718
66015
67032
66843
66501
66501
66690
66681
66384
66681
66519
66321
66528
66123
66915
65394
66042
66258
67293
66933
66852
66978
66717
66501
66339
66105
66060
67014
66960
66753
66474
66915
66636
66771
66690
66735
66762
66582
66510
66753
67446
66366
66969
66168
66600
66510
67185
66960
67095
66474
66321
66978
67212
66897
66879
67158
67851
66618
66276
67482
67176
67158
67176
66708
66852
67158
66978
67212
67518
66807
67122
67329
67185
67374
67743
66870
67761
67149
66996
67059
66888
67545
67689
67491
67824
67347
67887
67428
67941
67311
67275
68274
67581
67266
67554
67590
67626
67914
67059
68040
67815
68202
67446
68004
67752
67671
67698
67428
67347
67383
67644
67716
67815
67977
67680
67653
67959
68553
68643
67311
67410
67500
68409
67563
68040
67797
67464
67635
68121
68463
68148
69012
67779
68364
67977
68751
68427
68121
68499
68517
68481
68589
68859
68580
67941
68607
69048
68220
68256
68418
67995
68760
68859
68742
68859
68985
68904
69084
68877
68553
68301
69156
68922
68598
68715
68931
69390
69354
69147
69453
68922
68850
68760
68949
69471
68319
69165
68418
69426
68760
68751
68976
69336
69354
68958
68769
69156
68958
69381
68607
68850
69246
69111
69219
69885
69426
69462
69354
69372
69471
69345
69930
69552
69633
69093
69480
69624
69300
69705
69057
69363
69264
69552
69867
69831
69939
69858
70218
69201
70011
69966
69831
69534
69057
70047
69507
69867
69462
69525
69759
69570
69894
70245
70218
69084
69777
70047
70002
70020
70110
70713
70173
69210
69651
70515
69696
70056
70443
70218
70380
69705
71019
70380
70569
70506
69885
70254
70380
69831
69921
70128
70416
69912
70236
69894
70353
70740
70515
70443
70884
71064
70569
70308
70533
71073
70344
70398
69759
70326
70938
71055
71154
71154
70758
69579
70308
70623
70479
70461
71073
71289
70452
70974
70749
70839
70677
70434
71127
70560
71505
71388
71622
70470
70515
71073
70704
70749
71397
70884
71190
71226
71406
70830
71577
71280
71991
71703
71730
70749
71082
70911
70776
70992
71388
71361
70992
71901
71397
71685
71226
71208
71262
71001
71541
70659
71199
71541
71487
71622
71127
70965
71136
72288
72351
71667
70740
70731
71451
72189
71343
71487
71541
71298
71685
71829
72198
71181
72558
71919
71919
71910
71775
71901
71676
72423
72171
71838
72252
71361
71829
71982
71685
71883
72396
72036
71937
72603
72009
71604
72423
71325
72621
72288
71424
72648
71892
72342
71712
72243
72036
71514
72945
71955
72432
72423
72063
72171
71982
72504
71847
72216
72072
72477
73404
72171
72594
71991
72945
72684
72270
72225
72495
72216
72801
73062
72801
73053
72108
72657
73125
72288
72504
72792
72189
72180
72504
72981
72801
73422
72459
72810
72513
73143
72810
72630
73395
73152
73215
73287
73098
73080
72972
72900
73359
73224
74178
73071
72378
72603
73458
73368
73260
72450
73458
73350
73035
72936
73368
73737
73629
73107
73827
73161
73674
73044
73530
73989
72900
73314
73458
72981
74223
73791
73764
73242
73197
73602
73602
73404
73593
73242
73971
74790
74277
73188
74106
73791
73683
73764
73701
74871
73944
73404
73413
73998
73971
73539
74196
73818
74322
73872
74448
73710
73638
73494
73089
73980
73908
73764
73836
74376
74340
74313
74232
74133
74682
74304
74277
74061
74088
74421
74673
74664
75231
74385
74466
74475
74088
75123
74664
74241
74439
74574
74367
75168
74898
74592
75087
74448
74295
74250
74484
74781
74088
75276
74871
74529
74871
74682
74763
74664
75672
74142
74691
73890
74457
75078
74691
74997
74727
74772
74655
75051
75915
75312
74637
74691
75681
74205
75411
75186
74367
75528
74619
75285
75753
75555
75042
75438
75960
74916
75294
75240
75141
75654
75429
75339
75402
74970
75249
75402
75582
75357
75294
76068
74628
75834
75654
75366
75627
75456
76068
75654
75591
75879
75600
75528
75492
75690
75609
76212
75510
75303
75573
75348
75789
75564
76302
75744
76149
75510
75150
76266
75870
75672
75951
76545
75762
75780
76626
75762
75960
76068
76077
75726
75897
75870
76221
76329
76536
76500
76140
75978
75843
76698
76122
76212
76833
76050
76437
76779
76194
76446
76410
76581
76401
75618
77139
76878
76815
76554
75996
76707
76149
76887
76149
76464
76815
76437
76383
76563
77211
76581
77382
77112
76410
75951
76707
76005
76851
77103
76491
76941
76914
77193
76113
76860
76311
77436
77049
77247
76878
77166
77400
77031
77004
76689
75681
77022
77445
77364
76968
76914
77364
77355
77373
77238
77193
77958
77823
77679
77220
77679
77157
76851
77670
77616
77418
77220
76932
77553
77787
76977
76941
77571
77895
77571
77598
77796
78336
77274
76500
77985
77625
77472
77607
77850
76860
77985
78021
78093
77427
77463
77886
77598
77076
77922
78282
77400
78300
77841
77886
77247
77787
78372
78012
77976
77814
78399
78192
78210
77904
78165
78084
78021
77805
77985
77733
78309
77877
78057
78363
78453
78354
78021
78102
78156
78597
78597
78453
78759
78354
78345
78435
78246
78327
78921
78876
78795
78246
78138
77904
78453
78426
78795
78318
78381
78993
79002
78858
78390
78417
78336
78741
78651
78570
78552
78849
78885
78822
78561
79200
78822
78840
79380
78723
78957
78714
78516
78930
79479
79236
79317
79407
79038
79020
78453
78759
79209
78948
79578
78957
79659
78381
79290
78435
79263
79461
79722
80100
79137
80109
78867
79578
80226
79236
79101
78804
79713
79146
80091
79668
79155
79182
79389
80388
79722
79551
79794
79335
79515
80127
79668
79803
79407
79164
79263
80433
80109
80469
79785
80145
80226
80010
79794
80055
80091
80100
79434
80388
80586
80154
80019
80064
80091
79821
79470
80154
80379
80496
80865
80469
80586
79677
80118
80217
79713
80253
80433
79974
80028
79470
80280
80316
80694
80028
80163
80235
80199
80379
80622
80343
80433
80352
80559
81099
80928
80352
81036
80766
80370
81423
80730
80559
79767
80703
80379
81513
81135
80505
81369
81036
81054
80694
81009
81459
80640
80856
80946
81099
81054
80631
81036
81243
81153
81351
81090
81378
81108
80892
80397
80676
81135
80613
80379
80523
81090
80721
80001
81279
80865
81324
81090
81387
81180
81243
80937
80757
80829
81018
81342
82197
82134
82296
81918
80757
81423
82026
81234
81207
81666
81270
81387
82053
81747
82152
81324
81675
81423
82134
81891
81441
81423
81792
81108
81918
81963
82287
81828
82206
81963
81666
81675
81702
82044
81720
81270
82242
82035
82242
82908
82242
82440
81756
81855
82188
81702
81936
82440
82197
82935
82413
82476
81873
82368
82206
82710
81900
82665
82107
82377
82242
82485
82350
81810
82314
82386
83079
83115
82773
82467
82296
83169
82764
82638
82350
83016
82638
82818
82269
82899
82323
82863
83070
82863
82188
83097
82818
83547
83007
82737
82998
83079
82764
82638
82494
82971
83304
82647
82998
83232
82926
83115
82566
83052
82503
83367
83277
82602
82872
83025
82593
83718
83457
83322
83754
82827
83763
83349
83574
82431
83214
83763
83421
83007
83619
83655
84123
83988
83457
82980
83025
84114
83970
83565
83448
83619
82395
83358
83574
84141
83052
82872
83088
83151
83403
83538
82773
83736
83439
83709
83070
84006
83862
84348
83925
83619
83205
84735
83745
83619
84159
83799
84087
84348
84132
84015
83754
83160
84501
84429
83844
84447
84213
84006
83799
84366
83556
84231
84492
83979
84006
84573
84168
83745
85203
83745
84843
84915
84429
84933
83916
84564
84726
84663
84231
84150
84510
84420
84789
84789
84627
84825
85122
84618
84267
84312
85014
84807
84078
84096
85104
85203
84960
85122
84564
84987
84564
84825
85257
84951
84429
85392
85257
84744
84735
85374
85014
85059
85167
85527
85320
85401
84267
84582
85068
85869
85203
84663
84933
85509
85806
85581
85464
85239
85293
86049
85014
85446
85545
85545
85914
85617
85275
85248
85509
85500
85626
85221
85329
85788
85284
85617
85959
85500
85374
85968
86058
85725
85599
85923
85626
85977
85410
85599
85005
85455
86103
85050
86031
85878
86760
85851
86319
86283
86094
85545
87102
86067
86067
85545
86058
86454
85347
86085
86139
86328
85806
86589
85905
85743
85365
85338
86472
86130
86823
85860
86229
86166
85797
86283
86076
86283
86832
86931
86994
86445
85797
86751
85626
86886
86652
86220
86616
86319
86580
86463
86814
87408
86418
86598
86913
86049
86589
86652
86589
86310
86337
86679
87066
86562
87318
86490
86949
87282
87255
87345
87354
86184
87012
86778
88389
87255
86859
87048
87300
86940
87300
87255
87219
87462
87993
86040
87525
86589
86751
86913
87642
86733
87039
87129
87984
87174
87534
87111
87642
87192
87975
87120
87651
87849
87885
87426
87714
87822
87642
87804
87048
87633
87912
87354
87714
88245
88362
86823
87633
87876
87786
87723
87912
87453
87426
87795
88272
88155
88137
88965
87714
88416
88083
87183
88182
88218
88569
87345
87714
87741
87750
88380
87894
87840
88344
88254
87885
88272
88569
87930
88704
88605
87858
88155
88029
88218
89199
88479
88227
88533
88722
88911
88857
88650
88317
87588
88146
88704
88632
89037
88335
87651
88479
89118
88074
88578
88524
88308
89127
88758
88290
88101
88839
88911
89487
88803
88263
89883
88767
89208
88371
88146
89406
88146
88893
88776
88929
89289
89802
88875
89262
88740
89352
88830
89478
89064
89496
88929
89271
89739
89028
89262
89496
89559
88749
89613
89469
88740
89604
89982
89388
88902
89685
89145
88821
89262
89064
89460
89505
89091
89172
89271
89847
89676
89919
89874
89379
89469
89811
89514
89388
89469
89298
90270
89532
89649
89406
90000
90423
89199
90396
90162
89604
89973
89280
90099
89523
90135
89829
90189
89514
89946
90360
89721
89307
89190
89460
89685
89937
88974
89937
90486
89766
90045
89946
90333
90675
89937
90396
90243
90108
90162
90000
90783
90486
90360
90846
90279
89361
90999
90090
91161
89361
90009
90738
90630
91161
90288
90729
90990
89631
90054
90036
90468
90153
90288
90774
90405
90918
90972
90621
90441
91251
90900
91008
91386
91440
91377
91341
90747
90765
90468
90639
90414
90558
91341
91089
91476
91134
91188
91881
91161
91053
91008
90891
90567
90972
90441
91269
91944
90810
91827
90720
90954
90720
91143
91611
91368
91755
91008
91557
91413
91926
91467
91719
91332
91971
91863
91395
91962
91197
91314
91881
91530
91323
92340
91089
91242
91917
91215
92025
91854
91440
91566
91557
91053
92070
91728
92223
92313
91746
92322
91890
92043
92538
91665
92277
92088
91584
92331
92259
91899
92790
92052
91899
92241
91701
91800
91917
91809
92457
91935
92079
91881
92520
92295
92061
92250
92133
92223
92637
92214
91773
92322
92160
92880
92223
92196
91584
92961
92430
91953
93555
91944
92169
92961
92133
92349
92655
92322
92079
93321
93249
92223
93348
92790
92682
92709
92484
92331
92529
92646
93006
92745
93366
93069
93654
91746
93321
93708
93690
93456
92556
93267
92655
93015
93249
93708
93123
92916
93735
92673
93528
92727
92916
92853
93798
93132
93699
93096
93258
93258
93141
93681
93609
92808
93537
93222
93501
93699
93861
93789
93672
94410
94311
93843
93798
93744
93375
94149
93861
93195
93780
93690
93429
93159
93924
94509
94167
93906
94293
93735
94095
94068
94527
94005
93294
94131
94194
93987
94230
93753
94059
94500
93447
94653
93555
94554
94365
94707
94842
93933
93546
94743
94572
93294
94275
93933
94446
94122
93753
95121
94482
94284
93420
93699
94842
94509
94113
94419
94527
94356
95256
94176
95229
95274
94590
94770
94464
94077
93924
94635
95220
94671
94500
95382
94995
95229
94824
94644
94518
95256
94698
94977
94473
94329
94266
94905
95400
95346
94887
95472
95634
94851
94950
94779
95040
94491
94581
95157
94833
94986
95112
95076
95463
95274
95940
95769
94626
95850
95715
95913
94779
94626
95184
94941
94878
96165
95850
94959
95130
95274
95112
95103
95292
95661
95625
95616
95508
95283
96228
95958
95598
95625
95895
95391
96030
95319
95931
95166
95526
95715
94860
95292
95373
96471
95796
95769
95697
95283
95580
95976
95922
96003
95661
95958
95958
95472
96516
95508
96192
95760
95922
95841
96201
96039
95481
96003
95805
96768
96399
96579
96147
96210
96201
95796
96597
96363
95796
95733
96327
95661
96291
96714
96354
96066
96417
96615
96156
96606
96363
96408
95967
96030
96615
96507
96552
96489
96192
96282
97299
96849
95814
97362
97011
96822
96489
97650
97002
96786
96561
96759
96642
97290
96291
97290
97164
96660
97281
96273
97767
96255
97092
97056
97371
97443
97497
96795
97254
97893
97146
96498
97902
97056
97452
96921
96561
97326
97551
98109
97443
97290
97506
97047
97659
97794
97254
97074
97857
98082
96840
97299
97245
97227
97533
97542
97740
97740
96984
97479
97659
98280
97884
97722
97695
97425
97686
97533
97686
98487
98244
97704
97776
98136
97767
98136
98487
97488
97272
98172
97677
97461
98055
98334
97677
98280
97686
97587
98811
98280
98730
97857
97560
97947
97758
98217
98496
98181
98442
98415
98541
98082
98001
98352
98640
98712
97515
98451
98667
98685
98190
98883
98496
97695
98352
98532
98811
98784
98379
97776
98667
99468
97884
98811
98208
98856
99099
98874
99000
99018
99441
98712
98550
100080
98838
99747
98388
98595
98568
99072
98613
99855
98793
98577
98073
100098
99468
98541
98856
99180
99450
99675
99225
99009
99306
98469
99342
99378
99144
99297
100251
99063
99531
99234
98721
100161
99315
98478
100026
99549
98901
99288
99702
99198
100404
99288
99702
98928
99342
99171
99900
99729
99126
99927
98928
99144
99999
98811
99837
100611
99972
99423
99351
100098
99324
100224
100305
99810
100062
99729
99783
99657
100197
99540
99648
100008
100080
99945
99297
100539
100404
99738
100035
100674
100575
100116
99819
99018
99594
99324
100080
100656
100224
101007
100449
99648
101304
100674
100809
100305
100539
100539
101034
100728
100116
100467
100269
99297
100422
100584
101151
100467
101097
99342
100935
99864
100818
101286
100953
100512
101367
101403
100656
100305
101115
101016
100746
100161
101367
101808
100557
100179
100728
101205
101790
101250
100476
100656
100854
101268
100962
101151
100989
101187
100899
101367
101295
101745
100548
100917
101331
101268
101196
101151
101502
101124
101070
101241
101178
101439
101727
101097
101457
101502
101916
100341
100845
101736
101547
101502
100737
101466
101763
100782
101340
101880
101367
101376
102276
101583
100620
101709
102114
101583
101934
102906
102276
101979
102231
102051
101547
101655
101385
101844
101610
101934
102357
101925
102069
102123
102249
102303
102807
101646
102267
102177
101826
101889
101745
102123
102294
103050
101952
102366
102366
101682
101835
102717
102195
102159
102501
102609
102276
102375
102636
102690
102600
103086
103302
102897
102168
102636
102573
102528
103005
102996
102519
102816
103194
103122
101997
102303
102789
103158
102672
103203
102834
102672
102393
101844
102321
102636
102627
103050
102735
103167
103221
102699
103743
102834
103752
103203
102834
103212
103815
102294
103689
103626
102708
103527
103293
103095
101916
103140
103518
103203
103086
103680
103329
103599
102987
103005
103662
103410
102969
103455
101997
103374
103320
103095
103311
103968
104184
103284
103626
103509
104301
102843
103104
104742
103572
103311
103500
103554
103788
104454
104409
104400
104301
103509
103689
103932
103563
103194
103680
103959
103302
104499
103104
103455
103554
104472
103851
103887
103275
104031
103905
103860
103887
103671
103923
103833
104202
103221
104346
104247
103725
104688
103842
103977
104283
104931
104193
104571
104796
105174
104544
104679
103734
104913
104553
104760
103833
104580
104022
104220
104544
104382
104526
104670
104895
104985
105543
104535
105057
104967
105129
104085
105012
105057
105714
104445
104292
104643
104535
104832
105318
104994
104859
104598
104859
105525
104967
104472
104949
105858
104580
105048
104409
105210
105300
104175
105057
104742
104769
105210
105246
106065
105363
104643
104733
105498
105687
105426
105714
105543
105498
104517
105651
105444
105786
105300
105894
105750
105498
106191
105867
106002
105696
105660
106047
104670
105030
105480
106695
105885
106200
105255
106065
106362
105507
105435
105048
105606
105912
105975
105939
105669
106965
105552
106020
106218
105615
106362
105453
105327
106011
106254
105453
106515
106281
105705
105939
106335
106182
105894
106263
106290
106236
106650
106416
106128
105768
105678
106974
106740
105678
106380
106074
105957
106209
107757
107559
106758
106677
105678
106290
106614
105975
106308
106488
106083
105867
106515
106947
106866
105912
106569
106380
106623
105840
106623
106227
106713
107064
106893
107334
106236
107190
107514
106983
107064
107343
107154
106479
107163
107145
105759
106866
107397
107550
106776
107811
107388
107694
107730
106902
107217
107145
106983
107631
106434
107334
106920
106470
107172
107370
106875
107730
108468
107784
107388
107991
107055
107595
107073
108270
108360
107712
108288
107451
107739
108072
107550
107019
107379
107658
107649
107406
107604
108117
108450
107640
107406
107631
107964
107190
108198
107784
107478
107478
107847
108180
108153
108099
107271
107847
107784
107928
108414
108081
108036
108099
107298
107820
108054
108558
108297
107271
108045
109053
107514
107280
108063
108711
107856
108342
108396
107946
107811
108225
108900
108126
108648
107964
108486
109611
108369
108576
109116
108369
108648
108135
109332
109647
109053
108873
108063
108513
108819
107694
107649
108846
108288
108630
109215
109134
109548
109017
108792
108801
108891
108513
108513
108720
108405
109044
108441
108702
109665
108576
109089
109890
109206
109935
108594
109053
109287
109926
109386
108918
109161
109287
109134
109368
108729
108918
108648
109476
109080
109782
109332
110367
110367
109053
109494
109251
108522
108459
109404
109863
109323
109233
109368
109827
108900
108522
109674
109422
109998
110214
110520
109485
110034
110277
109143
109953
110142
109386
109206
110070
109161
109791
109566
109845
110799
110106
109404
109116
110358
109494
109800
109845
109836
109962
109503
110817
110583
109179
110349
110628
110214
110520
110205
110340
110025
109989
110214
110646
110322
110664
109980
110583
110034
111231
109854
109899
110628
110466
110736
110403
110466
111078
110664
110700
111645
110799
111195
110754
110592
111258
110259
111033
110979
110610
110871
111132
111249
111618
110790
109629
111114
111195
111645
111150
110637
111204
110322
111213
110952
111249
110646
110835
111744
111060
110493
111321
110808
111015
111888
111672
111771
110457
111555
111042
111015
111204
111015
111384
110907
110889
111267
111591
111330
111582
111429
112527
111906
111042
110988
111726
111600
111213
111780
111591
111663
111177
110961
112455
110880
111366
111609
113355
111996
111978
111330
111537
112077
111195
111735
110700
111771
112617
112077
111402
112761
111483
112311
111411
111645
112815
111519
111744
111042
112257
112302
111672
112050
112833
112050
112950
112194
111519
112455
112050
112239
112869
112293
112194
112617
112590
112419
112428
112284
112185
112590
112095
112059
111852
112707
113130
113139
112095
111861
112329
111537
112842
112221
113067
111888
112536
112464
112518
112644
113301
112995
112338
112779
112995
112644
113103
112869
113508
112113
113292
113094
112824
112482
113472
113247
113490
113346
114093
113157
112914
113445
113427
113049
113634
113391
112833
113769
113157
113211
113418
113490
113157
112707
113643
113778
113112
113355
112518
113607
113283
113463
113607
113256
113427
113157
113877
114066
113625
113454
113688
112977
113301
113409
112878
113760
113310
113238
114408
113661
113895
113562
114786
113544
113859
113724
114147
113481
114210
113877
114237
114642
113805
114507
114255
113301
114570
114219
113976
113634
114372
113949
114453
114021
113949
114057
113859
114687
114471
112968
114327
114579
114588
114012
114471
114192
113256
114552
113490
115128
113490
114084
114399
114705
114192
114984
114300
114741
114507
113949
114021
114579
113850
115326
115434
115335
114750
114246
114696
114624
114102
115416
114345
115740
114921
114381
114885
114822
115290
115533
114282
114633
115065
114453
116199
115047
114930
115326
115227
114417
114453
114660
114975
114759
114318
115272
115362
115218
115164
115533
115425
115974
114705
114777
114687
115353
114408
115542
115821
115452
114831
115515
114552
114876
115218
115164
116487
115137
114705
115821
115551
115299
116172
116037
116109
114561
116316
115974
115182
115560
116163
115893
116010
115839
115101
115596
116496
115497
114858
116280
116262
114867
115155
116730
116307
115974
117045
115344
115776
115668
114930
116055
116433
115641
115245
116253
114993
116055
116460
116235
116118
116181
116316
116820
117135
116019
116271
116631
115893
117063
116109
116973
115893
115866
116838
116037
115911
116307
116550
116478
116199
115704
116361
116532
117225
115776
116208
116883
116541
115776
116865
116172
116775
117180
117099
116757
117531
115956
117243
116136
116298
116847
116226
117117
116658
117225
117081
117342
116604
117423
116208
116847
117000
116667
117927
117540
117270
116793
117216
117630
117126
116523
116361
117891
117621
116631
117639
117162
117792
117072
117972
117891
117621
117342
117873
117468
117441
117171
117909
117405
117405
116937
117675
117504
118440
117828
117045
118611
117963
117729
117738
116964
117063
117828
117675
116856
118800
117522
117738
117207
117153
117864
119061
118629
117315
117171
117675
118323
118170
118341
116721
117837
118368
118269
117387
117216
118260
117441
118323
118017
117765
116559
117927
118107
117738
117720
117918
117621
118539
118296
118548
117882
118953
118062
118152
118755
118980
118152
118674
118503
117936
118179
118953
118026
118935
117837
119646
118935
118287
117963
118440
118629
118296
118089
118953
118539
119016
118656
118710
118611
118710
118863
117981
118161
118620
119754
118485
119556
119070
118503
118341
118791
118575
118170
118971
119223
119421
118827
119169
118755
119502
118710
119844
120096
119133
119664
118773
118287
118251
119277
118557
120276
119898
119277
119133
119133
120105
120159
118980
119520
119781
119241
119700
119394
119844
119421
119331
119970
119358
120150
118503
119520
120465
120699
119943
118710
120276
119304
119664
120294
119601
119484
119988
119808
120366
120213
120186
120330
119295
119295
119853
120402
119997
119736
120150
120159
120105
120258
120258
120636
120834
119511
120726
120240
120249
119439
120933
120321
120357
119907
119718
120753
120078
120312
119961
119799
119637
120960
120960
121041
120375
119457
120510
120411
119583
120573
120375
119655
119799
120096
121824
120546
120474
119754
121113
120600
121527
119970
120258
120987
121194
120897
122067
120159
121041
120690
120456
120402
120960
120645
120969
120627
121554
120843
121860
120996
120807
122472
121068
121203
121311
120663
121563
120357
121104
120996
121815
120375
121851
120897
120924
121698
122175
122166
121185
120843
120870
121212
121221
122013
121671
121383
121977
121572
120636
121275
121104
122031
121419
121410
122085
121680
121572
121113
120780
121914
121203
121014
121500
122247
121806
121149
122274
122058
122049
121959
121455
121680
121878
121617
122697
121572
122184
121644
122130
122049
121338
121887
122139
121383
122355
122310
121896
122706
121590
122310
123264
122409
122418
122643
122733
122121
122382
122625
121896
122976
122580
122085
122319
122508
122652
122211
122571
122013
122058
122175
122859
122265
122166
122688
123021
122337
122013
123210
122418
123246
122949
122445
122526
122184
123363
123120
121968
122211
122526
122895
122949
122922
122652
123138
122004
121941
122283
123273
122877
123255
123732
124254
122184
123372
122616
123642
122517
122544
123417
123309
122913
122868
122931
122985
123480
123291
123786
123561
123282
123030
123543
123273
122958
123309
123795
122967
123462
123687
123345
123372
123462
123246
123453
123804
123984
124038
124092
124299
123840
123759
123345
123849
123300
123579
124074
123642
124128
123912
124290
124371
124470
124686
123219
124488
123795
123381
124704
124146
123300
124263
123714
123615
124137
124146
125424
124416
123822
123984
123345
124110
124101
124443
124065
124857
124875
124299
124515
124839
123858
124380
123822
124740
124119
123723
124578
124308
124047
124137
124695
124236
125100
125334
124659
123732
124182
124461
125181
124416
124281
125145
124794
124299
124515
124902
124668
126315
124884
125127
124596
125361
124425
124686
124704
124758
124308
125073
125109
125433
124686
125280
124785
124389
124785
124506
124344
125460
125766
124893
125361
125145
125280
125127
125451
125361
125037
125748
125730
124884
126108
124884
124776
125271
126225
125775
125163
125181
124875
125766
124218
124614
125235
125838
125496
125964
125325
125316
125298
126045
125856
124956
126018
125046
125721
127044
126783
126018
125937
125406
125991
125892
125919
126216
125964
125982
125406
126864
124524
127215
125226
126117
125172
126036
126189
126090
126432
126117
126612
126585
126387
126315
126099
125883
125496
125370
126369
126099
126918
125622
126522
126630
126054
126315
125982
126810
126567
125793
127089
126693
126000
127251
126108
127026
125838
125649
126135
126279
125856
127323
126738
125955
126774
126522
125748
126522
128169
126522
125703
126540
127530
126612
126297
126702
126612
127359
127305
126648
126756
126648
126702
127134
126774
127017
127206
127197
127188
126945
127458
126882
127350
127710
127917
126684
126864
127530
127287
127314
128160
127278
127746
127269
126594
126810
127665
127422
127395
127422
127449
127116
127584
127638
127584
126927
128421
126738
126927
127089
127575
127548
127719
128115
127314
128259
128160
127629
127143
127854
127494
127854
127224
127800
127512
126990
128052
128106
127863
128241
128250
128709
128619
127998
127503
128403
127710
128295
127872
128142
127557
128133
128637
128925
128151
128997
128250
128826
128196
127125
127971
128124
127782
128322
128853
129060
128736
127368
128043
128592
127890
128493
128403
127737
128565
129087
128466
128997
129303
128385
128385
128835
128277
129294
128853
129375
128529
128241
128619
128106
128448
128691
129528
129267
128520
128925
129663
127692
129249
129429
128331
130149
129321
129321
129258
128088
129294
128304
129564
128376
129177
129204
128808
129096
129483
129195
129222
129429
129537
129141
128736
128880
128844
129771
129726
129654
129555
129618
129978
129672
129447
129240
129996
129060
129834
129888
129636
129600
129177
129960
129375
129492
129735
130194
129744
130986
129987
130428
129789
129402
130734
129060
130491
129816
130068
129798
129483
129501
130203
130248
129528
130482
129537
131013
130050
130050
130680
129681
130833
130023
130383
129303
130230
129384
130275
128826
131337
130554
130698
130833
129834
130743
129978
130185
129690
130680
130788
131049
131139
130122
130221
130149
130977
130635
129429
130095
130554
130815
130707
130950
129933
130230
131094
131247
130554
130383
130851
130779
130680
130203
130203
129996
129744
130473
130311
130419
130680
130824
130464
130986
130095
130923
130428
130455
130716
130572
130797
131157
131247
130329
131319
130959
130347
130014
131085
130968
131238
130887
130824
130698
131211
130266
131202
131661
130887
132426
131040
132300
131346
131751
132003
130302
130914
131697
131661
131202
130824
131922
131472
130725
132147
131616
131040
131472
131913
132165
132048
131670
132291
131859
131571
131463
131598
131805
131859
131886
131121
132237
132822
131787
131589
132111
131580
131922
132156
132210
131535
132498
131985
132390
132354
132138
133416
131877
131526
